<?xml version="1.0"?>
<opencv_storage>
<calibration_time>"Thu Aug 31 16:58:10 2023"</calibration_time>
<nr_of_frames>8</nr_of_frames>
<image_width>2048</image_width>
<image_height>1366</image_height>
<board_width>11</board_width>
<board_height>8</board_height>
<square_size>1.5000000000000000e+00</square_size>
<marker_size>25.</marker_size>
<fix_aspect_ratio>1.</fix_aspect_ratio>
<!-- flags: +fix_aspectRatio +fix_principal_point +zero_tangent_dist +fix_k4 +fix_k5 -->
<flags>6158</flags>
<fisheye_model>0</fisheye_model>
<camera_matrix type_id="opencv-matrix">
  <rows>3</rows>
  <cols>3</cols>
  <dt>d</dt>
  <data>
    6.0177403681320939e+03 0. 1.0235000000000000e+03 0.
    6.0177403681320939e+03 6.8250000000000000e+02 0. 0. 1.</data></camera_matrix>
<distortion_coefficients type_id="opencv-matrix">
  <rows>5</rows>
  <cols>1</cols>
  <dt>d</dt>
  <data>
    1.1889179678425328e-01 1.1517174063241241e+02 0. 0.
    -1.9949355986217084e+04</data></distortion_coefficients>
<avg_reprojection_error>7.5289335075744493e-02</avg_reprojection_error>
<per_view_reprojection_errors type_id="opencv-matrix">
  <rows>8</rows>
  <cols>1</cols>
  <dt>f</dt>
  <data>
    7.57427290e-02 7.41220042e-02 7.72739276e-02 7.56763890e-02
    6.75649196e-02 8.35568383e-02 7.79929534e-02 6.92026019e-02</data></per_view_reprojection_errors>
<!-- a set of 6-tuples (rotation vector + translation vector) for each view -->
<extrinsic_parameters type_id="opencv-matrix">
  <rows>8</rows>
  <cols>6</cols>
  <dt>d</dt>
  <data>
    -2.2554381300301007e-01 -1.8027188054186863e-01
    -1.8331341542957175e-01 -6.3382335157051095e-01
    -7.6049142202201505e+00 4.4068916230462582e+02
    -2.7534636078808067e-01 -9.8224723407619327e-02
    4.6857815669682290e-01 3.1016701938751581e+00
    -1.1011774282508856e+01 4.4209048387523660e+02
    -3.0580712810511063e-01 -8.1774736053771783e-03
    1.1074956639732665e+00 6.3886791042886648e-01
    -1.0044018627360446e+01 4.4151122854686804e+02
    -3.1739841740540498e-01 8.7918383517178081e-02
    1.7082477394397013e+00 1.5968931108192106e+00
    -7.5544259464587977e+00 4.4107431026060192e+02
    -3.0494064109402086e-01 2.0911857987429808e-01
    2.3627319498476078e+00 3.9070888697482413e+00
    -3.9704899769285098e+00 4.4070072405868666e+02
    -2.7811551319698036e-01 3.0449728544123061e-01
    2.8104234095654386e+00 7.3007157806064260e-01 7.2141058599260588e-01
    4.3906433936552958e+02 2.0148185163565169e-01
    -3.7593397789958544e-01 -2.9255234184313386e+00
    -5.1742087685812379e+00 6.4965329974028121e+00
    4.3667367014984183e+02 9.0282358224912374e-02
    -3.6461731518239654e-01 -2.4265820851027842e+00
    -1.5260971876636034e+01 8.8311210604052715e+00
    4.3454684956934642e+02</data></extrinsic_parameters>
<image_points type_id="opencv-matrix">
  <rows>8</rows>
  <cols>88</cols>
  <dt>"2f"</dt>
  <data>
    1.01483282e+03 5.78645935e+02 1.03465930e+03 5.75449341e+02
    1.05440247e+03 5.72245972e+02 1.07421619e+03 5.69078735e+02
    1.09383350e+03 5.65812012e+02 1.11365686e+03 5.62666199e+02
    1.13326892e+03 5.59525940e+02 1.15289124e+03 5.56323608e+02
    1.17260999e+03 5.53157715e+02 1.19227930e+03 5.49937073e+02
    1.21168799e+03 5.46816040e+02 1.01903558e+03 5.98328979e+02
    1.03874805e+03 5.95109436e+02 1.05847546e+03 5.91829590e+02
    1.07833191e+03 5.88590393e+02 1.09807373e+03 5.85416992e+02
    1.11777942e+03 5.82250122e+02 1.13747302e+03 5.79057800e+02
    1.15712280e+03 5.75832947e+02 1.17673889e+03 5.72638611e+02
    1.19644373e+03 5.69443420e+02 1.21593811e+03 5.66322083e+02
    1.02307098e+03 6.17715759e+02 1.04282104e+03 6.14556335e+02
    1.06255566e+03 6.11313782e+02 1.08247168e+03 6.08136475e+02
    1.10218945e+03 6.04772583e+02 1.12185864e+03 6.01610046e+02
    1.14154150e+03 5.98468628e+02 1.16128381e+03 5.95268372e+02
    1.18092700e+03 5.92062927e+02 1.20063232e+03 5.88791321e+02
    1.22015637e+03 5.85622925e+02 1.02715186e+03 6.37420898e+02
    1.04704138e+03 6.34254028e+02 1.06666907e+03 6.30899536e+02
    1.08655627e+03 6.27684875e+02 1.10628369e+03 6.24476868e+02
    1.12619141e+03 6.21289490e+02 1.14568042e+03 6.17992249e+02
    1.16546057e+03 6.14760986e+02 1.18514673e+03 6.11540466e+02
    1.20480554e+03 6.08402405e+02 1.22435571e+03 6.05155640e+02
    1.03130762e+03 6.57141052e+02 1.05112451e+03 6.53802124e+02
    1.07085303e+03 6.50605530e+02 1.09067651e+03 6.47332397e+02
    1.11052698e+03 6.44159180e+02 1.13028284e+03 6.40810242e+02
    1.14990112e+03 6.37600830e+02 1.16961694e+03 6.34416016e+02
    1.18941296e+03 6.31200623e+02 1.20909680e+03 6.27885681e+02
    1.22855005e+03 6.24664551e+02 1.03537207e+03 6.76744629e+02
    1.05532312e+03 6.73541687e+02 1.07498755e+03 6.70316040e+02
    1.09485181e+03 6.66986694e+02 1.11458826e+03 6.63730286e+02
    1.13443311e+03 6.60474304e+02 1.15415613e+03 6.57249451e+02
    1.17381665e+03 6.54033875e+02 1.19352026e+03 6.50710022e+02
    1.21329663e+03 6.47479858e+02 1.23275342e+03 6.44310608e+02
    1.03949072e+03 6.96408264e+02 1.05938318e+03 6.93157593e+02
    1.07920740e+03 6.89800110e+02 1.09904272e+03 6.86539612e+02
    1.11872742e+03 6.83325745e+02 1.13859656e+03 6.80013489e+02
    1.15831030e+03 6.76725159e+02 1.17800793e+03 6.73535889e+02
    1.19770325e+03 6.70291321e+02 1.21747778e+03 6.66894897e+02
    1.23698804e+03 6.63679626e+02 1.04361926e+03 7.16241333e+02
    1.06345850e+03 7.12815002e+02 1.08330652e+03 7.09560303e+02
    1.10317249e+03 7.06326965e+02 1.12294690e+03 7.02997742e+02
    1.14276758e+03 6.99705505e+02 1.16247278e+03 6.96449707e+02
    1.18226282e+03 6.93214844e+02 1.20199377e+03 6.89851685e+02
    1.22164099e+03 6.86571838e+02 1.24130273e+03 6.83403687e+02
    1.06571021e+03 5.32554504e+02 1.08383569e+03 5.41962585e+02
    1.10190027e+03 5.51301758e+02 1.12012939e+03 5.60640930e+02
    1.13824097e+03 5.70052307e+02 1.15639014e+03 5.79460754e+02
    1.17442883e+03 5.88748291e+02 1.19255286e+03 5.98136841e+02
    1.21076074e+03 6.07509094e+02 1.22889380e+03 6.16849609e+02
    1.24685046e+03 6.26217041e+02 1.05697168e+03 5.50023499e+02
    1.07511389e+03 5.59433289e+02 1.09321692e+03 5.68672119e+02
    1.11139368e+03 5.78160156e+02 1.12951819e+03 5.87470276e+02
    1.14765967e+03 5.96853760e+02 1.16573535e+03 6.06259583e+02
    1.18384119e+03 6.15583191e+02 1.20209619e+03 6.24947388e+02
    1.22027466e+03 6.34364807e+02 1.23829675e+03 6.43653320e+02
    1.04821899e+03 5.67351379e+02 1.06638330e+03 5.76704651e+02
    1.08442175e+03 5.85991821e+02 1.10262292e+03 5.95502014e+02
    1.12082300e+03 6.04746033e+02 1.13897876e+03 6.14218628e+02
    1.15705688e+03 6.23553040e+02 1.17526355e+03 6.32956299e+02
    1.19345337e+03 6.42335144e+02 1.21164990e+03 6.51736877e+02
    1.22961792e+03 6.61056763e+02 1.03935144e+03 5.84720642e+02
    1.05752295e+03 5.94229614e+02 1.07561682e+03 6.03507507e+02
    1.09384851e+03 6.12873901e+02 1.11199451e+03 6.22357544e+02
    1.13027563e+03 6.31689453e+02 1.14839246e+03 6.41039795e+02
    1.16652014e+03 6.50448547e+02 1.18469617e+03 6.59788513e+02
    1.20288269e+03 6.69312134e+02 1.22104333e+03 6.78539001e+02
    1.03047949e+03 6.02264526e+02 1.04861316e+03 6.11632202e+02
    1.06680151e+03 6.21029541e+02 1.08508459e+03 6.30465698e+02
    1.10330017e+03 6.39833984e+02 1.12146777e+03 6.49267334e+02
    1.13961328e+03 6.58550232e+02 1.15777246e+03 6.67971619e+02
    1.17599207e+03 6.77433533e+02 1.19430286e+03 6.86781799e+02
    1.21236072e+03 6.96190979e+02 1.02161749e+03 6.19678406e+02
    1.03981067e+03 6.29215759e+02 1.05789929e+03 6.38552979e+02
    1.07625928e+03 6.47964783e+02 1.09443750e+03 6.57370544e+02
    1.11269751e+03 6.66757996e+02 1.13078955e+03 6.76165161e+02
    1.14905322e+03 6.85566040e+02 1.16734692e+03 6.94983337e+02
    1.18553101e+03 7.04416870e+02 1.20363013e+03 7.13701233e+02
    1.01270776e+03 6.37237976e+02 1.03107849e+03 6.46572693e+02
    1.04923352e+03 6.55984009e+02 1.06750439e+03 6.65394653e+02
    1.08566589e+03 6.74771423e+02 1.10398572e+03 6.84277649e+02
